100
2 3 2
1 1 1
2 1 2
3 2 3
30 3 30
44 9 44
85 4 85
44 8 44
13 10 13
100 3 100
1 3 1
4 4 4
20 5 20
41 4 41
3 19 3
2 2 2
84 2 84
22 5 22
14 2 14
2 10 2
4 1 4
10 18 10
6 8 6
4 2 4
52 8 52
1 2 1
3 4 3
1 4 1
1 80 1
33 1 33
2 29 2
42 6 42
21 10 21
29 5 29
54 8 54
5 10 5
21 3 21
72 4 72
2 39 2
24 1 24
81 1 81
56 10 56
32 6 32
23 8 23
53 9 53
4 23 4
3 3 3
26 6 26
2 20 2
100 1 100
1 13 1
1 97 1
54 1 54
60 10 60
1 66 1
2 27 2
73 8 73
1 57 1
70 1 70
66 3 66
64 7 64
10 5 10
80 8 80
1 100 1
100 9 100
10 12 10
16 13 16
5 18 5
1 37 1
10 10 10
2 4 2
3 37 3
54 10 54
5 19 5
1 65 1
89 5 89
32 3 32
2 59 2
86 6 86
77 4 77
4 29 4
96 8 96
31 10 31
4 3 4
28 1 28
82 8 82
31 6 31
27 5 27
72 9 72
57 3 57
12 13 12
100 2 100
18 10 18
80 6 80
52 6 52
14 7 14
100 4 100
3 1 3
1 51 1
28 12 28
