100
2 3 2
1 1 1
2 1 2
3 2 3
62 9 62
13 9 13
1 2 1
100 9 100
19 14 19
100 2 100
52 1 52
10 2 10
47 6 47
3 37 3
10 18 10
64 1 64
25 4 25
17 7 17
17 6 17
2 2 2
8 3 8
4 2 4
80 8 80
23 7 23
4 1 4
2 59 2
4 29 4
3 3 3
84 2 84
30 12 30
1 3 1
1 6 1
54 2 54
54 4 54
3 14 3
6 3 6
100 1 100
4 4 4
1 62 1
9 18 9
23 6 23
3 1 3
16 3 16
32 1 32
1 92 1
2 42 2
60 3 60
81 7 81
1 100 1
9 1 9
72 4 72
2 4 2
1 24 1
58 8 58
14 7 14
92 1 92
4 3 4
3 4 3
1 84 1
100 7 100
51 5 51
87 2 87
96 6 96
50 6 50
52 10 52
73 3 73
45 7 45
49 3 49
8 6 8
2 7 2
18 7 18
68 1 68
41 6 41
29 7 29
52 6 52
58 3 58
47 8 47
100 3 100
92 3 92
10 5 10
1 4 1
2 9 2
1 16 1
59 10 59
22 12 22
90 1 90
25 5 25
1 60 1
37 6 37
5 24 5
6 11 6
53 7 53
1 95 1
44 1 44
20 10 20
56 1 56
22 9 22
56 9 56
7 12 7
100 4 100
