100
2 3 2
1 1 1
2 1 2
3 2 3
1 34 1
39 9 39
99 7 99
32 1 32
2 59 2
4 4 4
56 6 56
26 11 26
100 4 100
4 2 4
31 8 31
38 1 38
100 2 100
81 9 81
42 10 42
1 8 1
55 7 55
9 17 9
14 7 14
16 14 16
100 9 100
17 10 17
61 8 61
77 8 77
97 1 97
1 44 1
1 4 1
75 7 75
3 22 3
13 7 13
3 1 3
1 58 1
60 5 60
1 83 1
24 6 24
49 4 49
50 7 50
1 2 1
80 7 80
28 7 28
53 1 53
21 1 21
87 8 87
8 3 8
4 3 4
100 3 100
81 1 81
77 3 77
2 21 2
1 67 1
26 10 26
97 3 97
70 3 70
2 18 2
3 37 3
4 29 4
72 7 72
23 12 23
32 2 32
29 1 29
10 18 10
1 19 1
100 1 100
61 7 61
33 1 33
76 9 76
1 38 1
1 3 1
3 36 3
1 12 1
63 7 63
3 3 3
3 4 3
1 100 1
99 4 99
53 3 53
77 7 77
73 3 73
2 2 2
95 2 95
36 11 36
1 49 1
1 11 1
52 3 52
1 92 1
29 12 29
54 7 54
80 8 80
2 4 2
10 5 10
89 9 89
52 7 52
42 4 42
47 6 47
21 4 21
4 1 4
