99
2525 1
2400 5
300 2
120 60
60 90
792504963 2
344750442 2367
493397469 7327
1000000000 1
999999999 10000
6957776 1
3109478 8579
761286697 1
667625384 7736
821182233 1
633815658 4392
1000000000 2
1 3
2 2
367740348 1
322437194 9476
158484914 1
95362329 8695
633280511 1
47446520 5388
92953578 1
87484852 6871
253439704 1
118814550 6399
325446708 1
306490907 185
1000000000 1
999999999 1
662854795 1
58311024 9489
1000000000 1
1 10000
871775646 1
701111730 4377
478558151 1
340678998 8477
469037916 1
59514269 5297
1000000000 2
998000000 1
999000000 1
723937659 1
231161583 994
205535040 1
63162173 801
1000000000 2
12345675 3
12345676 2
575688359 1
135007419 1539
82889265 1
40917008 8751
880947534 1
619042861 5405
315844140 1
73120713 5211
565338548 1
220585130 457
2 1
1 1
779336334 1
556604874 2798
438398955 1
427645484 9189
200000 2
5001 1
5000 9
275471086 1
163806122 2165
262304889 1
36437186 3676
2 1
1 10000
892959541 1
10543595 5419
223479605 1
114298583 3166
156097856 1
48614955 2328
924413252 1
283495856 5724
409379129 1
103903935 9566
522952264 1
495686985 3392
800907087 1
472535505 106
655163982 1
163697502 2358
994070596 1
894145565 8061
366284500 1
364935097 8887
468436933 1
158744876 443
319212789 1
37349995 7283
382795456 2
152070417 5245
215455619 6685
800224650 1
474030465 4694
436561775 1
421534533 3653
452649405 1
372722046 4383
354538536 1
15131254 4550
928763168 1
840599914 1856
868041305 1
760308529 6771
326226122 1
167725689 8092
734739007 1
418267985 7133
178962933 1
41439121 7137
1000000000 2
999999996 3
999999997 2
48179793 1
29001434 7710
669933030 1
577840696 3855
421880040 1
253662435 6070
78595485 1
20487666 699
92321452 1
55190331 1608
326405452 1
223685282 2348
461300260 1
192202075 159
738674505 1
193054902 591
226137383 1
80888155 7285
345473233 1
323710034 9321
670258987 1
46300855 1523
1000000000 2
999999999 2
999999998 3
946611830 1
412785878 5669
1000000000 2
998000000 10000
999000000 10000
972125953 1
634858910 7458
181558179 1
166858152 7935
562690151 1
490944701 1153
371820320 1
210454376 4229
1000000000 1
1 1
612968429 1
103846451 293
411138385 1
220911465 3829
948257515 1
46332762 6995
267979110 1
32447077 1289
128538266 1
57627938 3858
901938935 1
85571287 2227
892850205 1
782125163 6005
1000000000 2
100 10000
200 10000
297128336 1
51837308 6219
902366605 1
629380989 7748
42136829 1
33827238 6670
10533368 1
3478950 750
797567119 1
18563862 5110
1000000000 2
999999997 3
999999998 2
170493298 1
52050696 3517
453198326 1
10334903 3482
564618494 1
311846267 1422
989372492 1
159015148 3574
145227065 1
40831753 78
186401319 1
1862764 5304
422004928 1
369505174 8680
