100
2 1
100 20
200 10
2 2
100 20
200 10
3 2
100 10
100 10
100 10
4 2
9 3
7 1
10 1
8 4
7 2
677899 206899
571605 191802
544516 434717
510373 158259
351092 461839
835832 254656
676640 272767
9 4
64297 909592
157241 241171
967309 879774
396831 918334
70904 843883
704946 207406
5992 973410
400939 602904
613023 856238
10 4
350633 539775
25123 901256
410399 892753
960326 668304
621582 710009
604752 167007
105309 914218
761254 27355
536423 215368
987553 189546
10 6
784548 20706
148428 109446
144522 112404
733932 22134
118881 136648
30566 531468
127687 127224
55944 290377
285418 56916
358701 45288
10 10
1000000 1000000
1000000 1000000
1000000 1000000
1000000 1000000
1000000 1000000
1000000 1000000
1000000 1000000
1000000 1000000
1000000 1000000
1000000 1000000
5 1
16464 931296
652351 23504
121786 125900
565100 27133
22293 687788
9 2
29245 2614
26648 2390
252258 44
25213 2738
200300 71
28148 2444
25971 2530
26034 2865
20498 2679
8 5
3780 371525
3360 367061
3421 304859
3269 323215
18897 61
18079 68
3372 332504
3170 307139
2 2
21204 495726
327294 32116
4 2
773789 95912
208213 356441
231435 320676
235027 315775
7 4
41514 134316
20664 269841
6734 828036
6888 809523
24531 227304
22792 244647
136136 40959
8 3
528387 980711
717049 608897
276077 113796
235311 59670
818642 486877
445782 419434
923422 844623
881230 861279
2 2
35742 815796
184667 157896
3 2
965417 100862
115029 846516
396346 245679
3 1
15680 65
3528 378378
3185 367478
7 4
296296 22059
315018 20748
65016 100529
66822 97812
30888 211603
76076 85914
617652 10582
10 6
168024 963763
830541 204011
970251 599105
648669 20870
846513 647062
970730 985648
536307 929586
262323 862542
380627 954655
445306 877138
2 1
202747 849358
419191 690901
9 4
27195 2324
27574 2088
25405 2421
27408 2327
230318 43
203867 98
21638 2046
20451 2116
24481 2881
9 4
23536 2736
26146 2747
23771 2030
210905 19
29665 2967
262943 72
20140 2679
21610 2121
26306 2672
6 4
113652 42978
9828 497002
18183 268632
29029 168264
53352 91553
17864 273429
2 1
688738 244103
383771 187119
5 3
3761 368642
12532 45
13083 90
3447 393297
3212 398082
2 1
105856 722709
85335 896503
5 3
277704 31119
14674 588924
85608 100947
9338 925452
304152 28413
9 2
627106 682586
260601 886354
128395 480041
310801 460068
57113 637500
161892 571817
540343 481768
968503 359518
163999 5554
5 3
545751 26936
532467 27608
114478 128412
180523 81432
30914 475524
6 3
27199 2638
237198 30
27698 2894
26432 2686
22987 2487
270520 22
6 2
685271 48903
423193 79188
400514 83672
762273 43963
796743 42061
113693 294757
9 4
125814 682316
873224 98308
384727 223132
504599 170125
168607 509142
973221 88207
132679 647012
710372 120845
288252 297812
6 1
18449 11
3744 377267
13638 20
3423 343418
3664 310380
3862 396157
4 3
52374 360468
23436 805562
805562 23436
453096 41667
6 2
24122 2491
20853 2414
228548 65
22085 2640
29905 2840
272682 3
5 2
826478 372654
292085 558000
795420 39276
772777 531807
326707 218320
10 4
487116 490134
658194 28836
752808 918874
218743 810160
265638 163184
659318 5761
398017 390021
640776 956583
754035 945453
372822 658699
7 1
23902 2921
20761 2159
23333 2381
20096 2210
213678 96
206968 95
28946 2658
10 7
146636 480984
355259 198530
131179 537659
655394 107614
139722 504785
663327 106327
250325 281752
191207 368865
455191 154945
368572 191359
2 1
747649 73129
735183 74369
8 5
567170 705717
206824 424630
711075 969083
301836 789754
543770 213975
213676 863378
234690 778013
887226 815476
5 2
828153 564226
523257 261622
743167 562038
227875 568213
200347 263754
3 1
185559 405436
581762 129318
129316 581771
10 6
316602 32116
29304 346983
16926 600732
61938 164164
828282 12276
25974 391468
14652 693966
706552 14391
159588 63714
33046 307692
9 2
510286 166768
301584 284587
403115 179899
525996 170674
446250 123985
30349 11463
567491 865848
195535 818348
312093 175219
3 1
754766 77285
64561 903519
329134 177229
8 6
831529 987656
938593 929412
613687 645565
12537 301318
611279 712357
251761 174368
878833 103895
11151 635967
10 4
536033 150563
224436 359598
581775 138725
650546 124060
199332 404886
162666 496150
447047 180533
237059 340450
94658 852614
200788 401950
2 1
282051 58
23211 2703
4 3
607573 17361
253993 41529
49219 214309
462574 22803
4 2
24312 2669
254433 95
28091 2794
24197 2116
3 1
191801 348847
236809 771176
492210 700641
1 1
1 1
2 2
849816 6783
61864 93177
4 2
29569 2532
28896 2202
20254 2404
251283 73
3 1
25747 2539
235312 80
24654 2571
10 3
226695 9
20820 2250
276406 57
21385 2402
22930 2385
291585 14
27771 2621
26588 2592
21982 2255
23534 2721
4 3
3180 345251
14863 64
3204 362214
3719 316977
6 4
327672 65569
741608 28971
208278 103156
218892 98154
476748 45066
57942 370804
4 1
3072 324419
3074 319202
16714 82
3036 337364
5 3
76939 476098
980554 147295
401044 882076
909895 154687
924567 700778
7 4
416556 94054
56637 691752
987567 39672
158137 247752
87986 445284
465682 84132
194184 201761
2 1
14217 15
3984 337221
4 3
608837 52186
190345 166922
93175 341001
865743 36700
10 5
374557 257018
238794 403142
417467 230600
115103 836363
767246 125472
396801 242610
273295 352249
255920 376164
549719 175122
387872 248195
8 5
717402 9108
24738 264132
97092 67298
894102 7308
189658 34452
758632 8613
34452 189658
9548 684342
10 6
3216 315269
3481 396422
3757 340858
18009 35
3489 322032
3102 315783
10607 96
3781 328439
10274 51
3989 364313
10 2
3525 364477
3567 367190
3291 311862
17931 30
3609 360035
14870 34
3000 306735
19238 61
3537 330291
3377 362512
3 1
19875 64
3989 385121
3405 388276
7 2
3976 319416
13006 39
3545 335796
14495 8
3550 392357
3942 352563
3825 387261
2 1
145412 353854
716279 71836
5 3
27114 2209
229550 60
20446 2502
206834 84
27469 2437
9 5
14637 298584
9009 485112
6273 696696
85608 51051
358904 12177
788307 5544
21879 199752
49764 87822
13572 322014
10 4
12624 28
3284 319897
3284 317638
3298 310525
3390 367394
3643 317584
16616 34
3878 339886
19160 43
3280 376990
2 1
704878 88502
889822 672305
6 4
166056 34713
42636 135198
76923 74936
255374 22572
7548 763686
436392 13209
3 1
26767 2397
202033 21
26685 2348
2 1
3330 333061
14741 26
2 1
79078 376384
122440 243088
5 3
3166 332139
13848 91
3880 316023
18335 20
3343 321724
7 4
331567 258389
257951 332130
797057 107487
363284 235830
656480 130504
137749 621952
738862 115953
6 1
429258 908541
91007 28159
74749 787727
803582 461920
82938 747202
717046 323258
10 6
3561 388116
3631 327437
14786 3
3793 322649
19186 35
3511 374938
3033 360141
15055 34
3723 354347
3881 378239
3 2
20334 2903
21005 2583
284263 80
5 2
3242 351464
3075 312807
3604 323368
10008 77
17064 16
8 3
297195 26
23385 2106
28053 2090
28401 2371
20064 2152
25709 2108
21552 2306
299132 56
10 2
3336 330662
3343 370907
19614 67
12282 54
3834 398945
3870 327923
3376 395315
18355 65
3837 301208
3470 333222
7 3
24140 2608
276171 62
207905 99
28565 2923
21720 2362
23862 2405
27551 2116
4 3
734475 653448
779829 500435
790451 394138
213804 703581
2 1
26588 2307
226643 50
5 3
942732 11594
34782 314244
90644 120582
34916 313038
16632 657169
5 3
14973 674424
568974 17748
679644 14858
674424 14973
134757 74936
10 4
334220 97687
336147 97127
554161 58916
44820 728446
59360 550016
150097 217519
767777 42524
56243 580498
158003 206635
221088 147674
9 3
3948 362242
3400 386730
11998 17
3016 375690
3177 351196
3957 332318
3268 354389
18433 17
3046 356912
8 2
77426 295709
45150 507100
127999 178873
97704 234336
476445 48055
203603 112452
222919 102708
197597 115870
2 1
231497 87
27758 2107
6 2
14364 32
18028 58
3523 346398
3900 327035
3387 386685
3176 309587
3 2
5643 855848
390456 12369
119567 40392
