100
2 1
100 20
200 10
2 2
100 20
200 10
3 2
100 10
100 10
100 10
4 2
9 3
7 1
10 1
8 4
5 2
28752 2204
233159 34
212577 67
22402 2436
24406 2314
5 1
3050 321426
19152 67
3581 346450
3459 352788
18793 66
5 3
107279 769686
701700 117673
167682 492427
91990 897610
169351 487574
3 1
3681 339791
3000 340491
14111 19
6 4
90712 240219
24012 907494
54694 398412
432837 50344
46872 464899
289478 75276
3 1
12893 95
3895 394714
3150 344897
10 2
16965 88
17707 77
3583 385383
3058 317744
3691 364027
13264 82
3575 378812
3652 344750
3736 343814
3508 330134
3 1
468538 200606
422793 222311
823036 114201
3 2
450984 20097
29412 308154
127512 71079
8 3
28722 2683
28984 2487
20776 2890
28062 2854
21327 2537
21311 2086
261763 73
299382 55
3 1
26803 2809
296637 43
21553 2068
2 1
10315 89
3735 380130
10 5
841425 570406
622715 684363
391699 877621
475976 85485
867824 117828
820417 274651
460525 520488
415875 584552
73739 561780
356931 459465
6 1
611195 60106
79917 459683
686458 53516
47825 768144
300813 122124
107991 340181
4 1
3134 304196
17352 45
3938 326457
3821 342208
4 2
3025 385204
11182 95
3457 365287
3364 355954
8 5
161253 209496
266133 126936
237636 142158
246123 137256
401964 84042
56028 602946
43624 774387
199752 169119
7 5
3407 361417
3820 305860
3448 375993
17889 12
3315 330369
14580 81
3216 321387
9 5
119016 47957
911183 6264
14508 393414
142506 40052
705432 8091
97092 58786
115362 49476
841464 6783
37791 151032
2 1
23252 2253
291150 22
4 1
60722 927442
207926 270847
204932 274804
228019 246980
10 7
20668 2348
24138 2808
28247 2947
27421 2446
21248 2872
212108 78
248891 4
26366 2625
265239 60
21101 2626
3 2
227633 99179
197992 198255
296752 712179
10 2
517558 68794
251694 141461
773851 46010
113834 312779
758083 46967
954043 37320
399140 89204
72906 488367
498291 71454
148418 239896
3 1
14384 44
3603 348942
3506 362843
2 1
22841 2101
266311 46
4 2
503920 44855
32877 687512
305170 74068
41900 539459
9 5
121278 335916
49938 815796
763164 53382
995193 40936
42804 951762
320943 126936
412641 98728
194184 209797
363834 111972
7 2
534604 298264
667175 946976
585085 42295
988419 790912
747607 112993
295508 61209
12507 839210
5 2
74551 270664
85985 234672
61219 329608
82961 243226
88723 227430
4 3
690494 75276
765142 67932
130462 398412
65016 799459
8 2
3598 306753
3135 339250
3207 394971
3839 343538
17137 58
3983 341127
3048 395053
14159 72
7 3
45094 150189
943788 74854
205010 552728
278943 384698
675966 283335
370976 766942
807800 367088
3 1
13543 41
3339 379583
3275 300190
7 4
231360 692359
438406 418340
424091 670737
633156 571637
76049 642124
708234 250144
486842 780458
5 3
115884 171626
111592 178227
73554 270396
573426 34684
571909 34776
3 2
132804 78474
641886 16236
91512 113883
10 6
50616 190281
30996 310726
23868 403522
752913 12792
40698 236652
618936 15561
329004 29274
167314 57564
807044 11934
88578 108732
9 5
3710 301656
3034 312960
3649 381954
3459 359273
18341 29
3161 313459
3787 324821
3790 392478
12733 67
8 6
286965 8
23713 2264
26680 2868
20938 2036
212880 7
24672 2617
20737 2110
24300 2861
10 7
25735 2820
239111 20
20656 2753
243477 41
24090 2196
28383 2951
232612 30
20995 2363
29218 2340
22791 2509
7 2
207798 102243
40915 519269
138316 153604
119710 177478
106925 198699
763856 27814
850482 24981
4 2
26069 2784
21092 2654
207015 32
23249 2802
4 1
3473 345428
12178 69
3062 385768
3003 395718
9 6
254154 11
23765 2432
22124 2355
21508 2082
217005 100
22116 2346
26287 2308
24886 2168
23887 2326
8 5
427103 202694
147708 586097
859848 100682
273487 316546
544874 158883
257265 336506
137327 630402
301457 287176
5 3
696696 3519
211497 11592
334152 7337
72072 34017
722568 3393
2 1
91664 991298
502966 180661
5 2
279869 591892
999512 185180
816212 765779
449521 794129
276214 764063
5 3
236652 66402
126854 123876
155992 100737
175491 89544
573426 27404
4 3
43780 939044
290109 141710
117509 349857
403171 101970
3 2
662048 62069
921546 44591
126294 325373
2 1
241159 16
21727 2032
10 7
364951 220533
96036 838058
126291 637288
96546 833631
571447 140842
745206 108002
766468 105006
419829 191706
80892 994953
664441 121130
2 1
29902 2375
215604 24
9 3
670756 291135
967018 277777
339936 410718
117893 384842
792250 596819
274160 630121
255722 506821
258969 929042
266181 57537
10 5
22436 2247
22267 2954
24447 2344
20253 2571
232899 89
26524 2345
297228 50
23328 2544
285313 14
21581 2089
3 2
28685 2235
240725 77
22867 2065
2 1
933736 456786
627639 291153
10 10
1000000 1000000
1000000 1000000
1000000 1000000
1000000 1000000
1000000 1000000
1000000 1000000
1000000 1000000
1000000 1000000
1000000 1000000
1000000 1000000
3 2
51880 132315
624974 477314
737715 520411
8 6
133680 516532
506216 306651
590480 105825
568250 879437
642216 382526
85700 349697
294980 256567
580780 267768
4 3
703129 499529
783718 258451
435283 873866
932206 460745
4 3
3177 343581
3717 317791
3659 325788
10196 50
5 1
29730 2818
26577 2093
250803 59
28661 2607
254429 48
5 1
128086 221968
143851 889618
822231 382815
352838 584964
724177 628873
1 1
1 1
7 4
28458 239932
408177 16728
12276 556206
25704 265639
10472 652023
91512 74613
24552 278103
3 2
127428 171054
126936 171717
641732 33966
3 1
948764 65782
578276 107927
261458 238706
8 6
952793 749222
222361 966493
107160 732441
811288 781409
560984 688155
184527 14675
743872 308572
40090 342338
5 3
35853 281736
16354 617652
223041 45288
73593 137256
215118 46956
5 2
19105 69
16248 30
3877 358106
3888 356905
3482 365982
7 4
571529 934447
720568 834596
582685 654831
80947 885730
399200 271424
320055 378197
98648 485555
5 1
21060 2242
211660 62
21389 2907
21246 2382
242654 80
7 2
282446 263216
540289 137601
402649 184638
669672 111016
324693 228968
259680 286292
437582 169898
2 1
10893 36
3434 324251
6 1
26143 2904
21127 2849
226043 50
20083 2876
29197 2986
207094 22
2 1
18186 28
3773 343969
6 4
156401 543614
112787 753826
298840 284506
754060 112752
241228 352454
601005 141466
4 1
22560 2011
25119 2104
27069 2654
266234 49
8 4
610703 150055
213563 319252
509420 993745
992198 235552
898961 775370
536886 690947
585378 106275
562177 312361
10 4
573452 321987
316995 20159
457046 96056
45650 1290
804759 761842
728648 869674
548312 170683
961932 10739
75001 439268
634952 122474
8 5
960876 22678
199752 109089
34317 634984
56028 388926
28152 774039
45356 480438
26691 816408
30996 703018
10 5
14250 687594
471045 575208
407148 3040
924165 833811
283372 47442
533549 396898
276115 21146
699134 682661
435975 596917
78333 463034
4 2
764440 278946
476080 969984
753672 173413
943459 963059
4 2
832540 659791
648843 83560
510300 568414
397468 467232
2 2
27347 951048
28934 898884
9 6
132830 107235
158600 89811
579756 24569
190995 74578
135090 105441
15592 913547
969839 14687
923258 15428
99113 143715
3 2
416556 8602
8602 416556
21252 168606
10 4
3033 393547
3131 341673
17906 94
3017 320962
3502 326409
12889 83
3511 365462
11430 19
3296 396245
3508 351604
8 6
3408 306846
3493 343100
18432 55
3055 315007
3182 362724
19640 81
3663 310839
3755 317947
6 4
69832 942057
166152 395937
345506 190404
428904 153381
599256 109779
666414 98716
2 1
87844 391252
117256 293112
2 1
262857 156391
403210 101953
9 5
308826 59644
103974 177156
43586 422604
75924 242606
29526 623844
34632 531867
60606 303924
140868 130758
206739 89096
