100
2 1
100 20
200 10
2 2
100 20
200 10
3 2
100 10
100 10
100 10
4 2
9 3
7 1
10 1
8 4
6 1
295328 93797
430325 64372
595846 46490
595641 46506
38426 720889
206777 133965
3 1
872021 676245
234875 367012
921410 143007
10 3
45354 352275
258973 61694
170951 93460
545144 29308
479994 33286
230656 69268
188063 84956
59397 268988
602704 26509
46132 346334
6 4
19307 633145
50628 241450
47953 254919
661300 18485
15956 766115
134670 90771
5 2
396633 673405
696721 785449
821296 924198
108054 660532
110197 457081
10 2
3615 301977
3126 364338
3129 374257
3486 364390
19433 100
15199 70
14495 97
3025 356029
3706 399850
3515 336435
8 4
361161 143075
347565 46086
199729 82732
390312 596882
82727 15596
685425 278668
563472 702482
927307 702304
4 1
79882 932893
85892 867617
107233 694948
683281 109064
2 1
20775 2095
263715 68
7 4
79254 284316
26316 856254
81548 276318
28101 801864
28638 786828
118104 190791
92278 244188
9 4
24661 2063
26918 2322
29058 2482
29603 2028
26806 2093
214769 83
224382 48
29027 2938
21715 2070
10 4
19794 69
15462 49
3008 387902
3677 389666
13380 17
3340 360741
3793 338776
3227 341624
3947 312757
3014 330807
5 3
3200 346816
3116 392466
12698 23
10193 57
3954 351300
4 3
65016 224257
21924 665038
32508 448514
185592 78561
3 2
358762 317184
688834 851122
416270 881815
6 3
10456 36
3984 397246
15452 92
3503 354322
3782 309712
3740 314709
8 5
240856 15903
349866 10948
3876 988218
49742 77004
148428 25806
460598 8316
4788 799986
173052 22134
7 5
20039 2276
201646 2
238295 73
22763 2160
26781 2946
20830 2228
24040 2117
6 3
479386 843010
552555 57889
527292 896024
311273 808570
120601 171013
689947 29570
6 3
606024 289869
499153 185324
910727 104315
216395 424453
670002 747340
244731 323523
9 2
23595 2922
26201 2312
20254 2784
22704 2948
22503 2606
288196 6
29051 2977
236880 50
25480 2800
10 6
34916 373626
200651 65016
649128 20097
420024 31059
288057 45288
471366 27676
22968 567987
42398 307692
615384 21199
508776 25641
10 10
1000000 1000000
1000000 1000000
1000000 1000000
1000000 1000000
1000000 1000000
1000000 1000000
1000000 1000000
1000000 1000000
1000000 1000000
1000000 1000000
2 2
680862 7524
15652 327294
9 3
3872 356942
19283 15
14658 56
3967 300057
3954 351076
3556 333948
3882 303076
3783 396047
3787 385194
8 2
3167 327839
3625 320563
3266 326780
12462 89
16186 16
3828 301936
3670 315708
3320 373894
7 4
678644 101754
94138 733548
213676 323175
237877 290296
480147 143820
99731 692410
74670 924799
7 2
3150 393060
3101 306933
3606 384714
3655 366417
10771 9
3954 397060
14571 35
3 1
626592 811685
651685 234255
756247 505378
6 1
159112 225739
39824 901913
78450 457843
94517 380014
57186 628087
65503 548338
8 5
514878 47988
25668 962598
729882 33852
437224 56511
64584 382571
268632 91977
39606 623844
257439 95976
8 2
264439 3
22458 2606
26238 2545
27042 2411
24460 2620
29428 2902
29396 2945
222631 18
4 2
435174 208525
104380 645613
110583 969429
105633 428771
9 5
283887 10
222686 1
26666 2973
28350 2773
24759 2955
25685 2052
29445 2819
26562 2446
22259 2706
9 2
3659 320182
3971 328720
3070 386165
19379 47
3335 323444
3756 321134
18363 27
3212 369622
3951 355953
2 1
329527 255906
172002 490273
10 4
23836 2758
25567 2320
29540 2621
22830 2467
24422 2854
290096 88
269170 4
24138 2670
20901 2602
231853 71
3 2
120744 52003
17442 359996
122808 51129
4 2
346443 172100
513990 116000
158769 375532
99212 600964
6 4
11628 700854
501942 16236
84952 95931
96866 84132
51578 158004
895356 9102
8 5
20496 2946
26906 2873
27550 2612
23487 2183
204369 30
241843 32
22031 2951
23004 2493
7 4
17748 868686
727272 21199
118881 129688
532168 28971
656676 23478
890358 17316
47736 322973
8 2
3391 334275
11090 53
3778 316602
3329 335401
3168 359836
16673 28
3966 335043
3046 338284
6 1
23428 2770
291724 16
25114 2883
22836 2631
257879 52
23491 2626
9 5
76638 353952
337147 80458
32984 822404
31035 874051
280015 96874
589520 46014
932812 29080
141748 191369
174656 155312
5 3
849174 198407
712187 348716
447834 95445
666102 752388
877951 491525
8 5
84456 345247
61272 475881
41538 701964
53406 545972
138159 211048
275931 105672
316572 92106
287928 101269
9 5
7752 387387
10868 276318
7826 383724
552636 5434
15561 192984
226746 13244
8398 357588
316008 9503
55692 53922
10 6
251206 52
25391 2239
23708 2762
27868 2213
27820 2790
271445 59
27122 2131
20671 2663
235218 79
26760 2722
8 4
557879 90200
176730 284732
566432 88838
265231 189724
968898 51936
455952 110364
855503 58820
171185 293955
7 1
794108 97987
755041 103057
171760 453029
100086 777454
248388 313269
872413 89192
752631 103387
2 1
3060 332025
14257 74
9 4
820234 478110
677642 54519
178970 913528
43266 541473
311931 655131
778422 702655
256074 442827
822949 667334
564451 718298
2 1
394003 787217
952199 235638
2 1
16594 25
3693 366500
8 5
17157 746856
377454 33948
56826 225492
871332 14706
17974 712908
15048 851529
851529 15048
67298 190404
5 1
36900 918383
66363 510651
359413 94288
139065 243687
648072 52291
7 4
469613 200310
437443 215041
107391 875941
514357 182885
586343 160432
225528 417102
184235 510588
4 1
67428 818969
940868 939355
403756 202774
682981 17991
10 5
113650 538686
676094 90552
481791 127071
386945 158218
839884 72893
148847 411306
112253 545390
693557 88272
703180 87064
97591 627329
2 2
735042 13572
28971 344344
7 2
957258 551829
248046 673654
906735 368455
242953 261778
378175 25537
736097 376157
29260 797228
7 1
11550 11
3434 399451
3333 354246
15494 95
3134 391130
3138 377581
3691 364921
9 3
272251 29
23346 2084
23013 2589
27613 2186
28101 2583
21635 2291
24973 2430
21672 2301
273809 90
5 1
253711 15
29340 2878
23240 2264
248809 93
25246 2272
7 5
23195 2266
22171 2462
21613 2047
282607 17
202921 79
21771 2237
22507 2292
4 2
26656 2365
26840 2000
253165 87
22703 2795
5 2
18783 50
3368 333594
16968 96
3558 310577
3104 348864
3 2
531468 8294
13398 329004
6916 637362
8 5
365079 15624
222222 25668
656084 8694
28644 199134
43956 129766
56166 101556
16632 342953
79143 72072
2 1
154567 291965
864988 52172
8 5
22568 988011
197284 113022
213624 104377
179998 123876
26936 827793
61938 359996
38571 578088
33852 658674
4 3
744372 26418
712287 27608
82708 237762
30566 643356
1 1
1 1
10 6
435321 59611
816446 31784
167421 154998
38458 674760
40062 647744
834188 31108
93935 276254
391691 66251
36477 711405
76118 340917
7 5
139472 708122
751983 131337
124318 794440
252035 391863
196770 501922
188139 524948
158431 623383
8 4
3582 309274
3861 337605
11190 69
3560 335834
3110 378806
3845 377671
3841 306097
17257 73
8 3
771714 204272
9477 726452
66821 910448
274821 618431
787105 433025
451115 38275
216958 940245
147299 14082
9 5
253708 61938
29512 532467
20553 764568
131733 119288
335257 46872
507416 30969
132184 118881
61992 253487
99138 158508
7 1
251726 375142
97773 982754
895980 403152
414625 830684
677846 775714
28113 312632
406082 301163
3 1
886574 635339
370208 174334
904714 949235
2 1
13862 78
3137 382266
7 4
3511 371203
10932 18
3862 379012
16886 11
3101 374940
3254 318865
3410 337351
4 2
108294 399888
365836 118374
280171 154568
212704 203595
4 1
29873 2349
20002 2177
23202 2920
271315 54
10 2
21530 2353
249211 1
25180 2712
238553 45
28085 2338
25758 2018
23410 2747
28779 2380
238597 38
27843 2447
5 3
3598 361462
12441 76
3646 310264
15896 10
3917 388710
6 1
129111 226379
295929 98767
45915 636568
302903 96493
98642 296304
105390 277332
6 1
15923 21
3699 387128
19250 14
3220 365681
3866 357610
3239 310719
4 1
3788 359046
13982 82
3715 356956
3176 399273
4 1
561234 83980
230106 31244
834487 152745
671731 498332
7 3
195273 122635
832977 924583
559274 863237
976659 940462
33118 624077
900526 898980
653363 598487
10 6
23385 2848
21298 2753
275917 2
210184 57
24327 2322
286332 11
24864 2635
28706 2179
23019 2081
28501 2443
4 2
29251 2529
227236 44
26034 2386
25706 2467
3 1
518651 334906
766412 151522
621112 980710
9 5
931684 11718
352222 30996
111228 98154
85813 127224
452088 24149
213528 51129
18696 583947
19188 568974
25116 434682
